Puzzle Number 523
0 0 8 0 0 5 4 0 7
2 7 0 0 0 4 0 0 0
6 0 0 0 3 8 5 2 0
0 0 3 6 0 0 0 1 9
0 4 0 5 0 7 0 6 0
7 1 0 0 0 9 2 0 0
0 8 1 4 2 0 0 0 5
0 0 0 9 0 0 0 3 6
5 0 9 8 0 0 1 0 0
Puzzle Number 157
0 0 0 0 0 1 0 4 0
1 0 0 0 0 2 0 6 7
4 0 0 7 0 0 8 0 9
0 0 0 0 0 0 4 0 0
0 8 0 0 6 0 0 7 0
0 0 7 0 0 0 0 0 0
3 0 4 0 0 7 0 0 6
5 1 0 3 0 0 0 0 2
0 6 0 5 0 0 0 0 0 
Puzzle Number 248
0 0 8 3 1 0 0 0 0
0 0 7 9 6 0 5 0 8
3 0 0 0 0 8 0 6 0
0 0 0 8 0 0 4 0 0
0 5 0 0 9 0 0 7 0
0 0 1 0 0 4 0 0 0
0 1 0 4 0 0 0 0 7
8 0 4 0 3 6 9 0 0
0 0 0 0 8 7 1 0 0 
Puzzle Number 129
6 0 7 8 2 0 0 0 0
0 0 2 0 7 5 0 0 6
0 0 0 0 0 9 0 0 0
5 0 3 0 0 0 6 2 0
2 9 0 0 0 0 0 1 4
0 1 4 0 0 0 3 0 8
0 0 0 6 0 0 0 0 0
4 0 0 5 3 0 8 0 0
0 0 0 0 4 7 1 0 5 
Puzzle Number 383
5 0 0 0 7 2 0 0 0
0 0 0 5 0 0 0 0 8
0 2 0 6 0 0 9 0 0
0 0 0 0 8 0 0 4 6
0 0 0 2 0 9 0 0 0
1 7 0 0 5 0 0 0 0
0 0 6 0 0 3 0 2 0
4 0 0 0 0 8 0 0 0
0 0 0 4 2 0 0 0 3 
Puzzle Number 182
6 0 0 5 0 0 2 0 9
0 0 0 8 0 0 0 1 0
0 0 1 0 0 2 8 0 0
8 7 0 0 0 9 0 0 0
4 0 0 0 2 0 0 0 8
0 0 0 6 0 0 0 9 7
0 0 6 1 0 0 7 0 0
0 2 0 0 0 5 0 0 0
3 0 5 0 0 7 0 0 6
Puzzle Number 562
0 7 6 0 8 9 0 0 4
0 0 4 3 0 2 0 1 0
0 1 0 0 0 6 8 3 0
7 0 8 0 9 3 0 0 5
2 3 0 0 0 0 0 6 7
9 0 0 6 7 0 3 0 8
0 8 3 4 0 0 0 9 0
0 5 0 9 0 1 6 0 0
1 0 0 5 6 0 4 7 0 
Puzzle Number 123
0 0 7 8 0 0 0 3 9
0 0 0 0 5 9 7 2 0
0 0 6 0 0 0 0 0 0
0 0 0 0 0 4 0 8 0
1 0 2 0 0 0 3 0 5
0 9 0 5 0 0 0 0 0
0 0 0 0 0 0 4 0 0
0 5 4 7 2 0 0 0 0
8 3 0 0 0 5 6 0 0 
Puzzle Number 429
0 6 0 0 0 9 5 0 0
0 0 4 2 0 1 0 0 0
7 0 2 0 0 0 0 4 3
2 0 0 6 0 7 0 0 0
3 4 0 0 9 0 0 8 7
0 0 0 3 0 4 0 0 9
4 2 0 0 0 0 1 0 8
0 0 0 4 0 8 7 0 0
0 0 8 1 0 0 0 5 0
Puzzle Number 518
0 7 0 0 2 0 0 0 5
0 6 0 0 0 0 7 0 0
5 0 0 0 4 0 0 0 0
0 1 3 0 0 0 0 0 0
6 0 0 0 5 0 0 0 2
2 5 0 0 3 6 1 9 0
0 4 0 0 0 0 0 0 6
7 2 0 4 9 0 0 5 1
8 0 0 0 0 0 0 0 3
